country,region,happiness_rank,happiness_score,standard_error,economy_(gdp_per_capita),family,health_(life_expectancy),freedom,trust_(government_corruption),generosity,dystopia_residual,year,monthly_sun_hours,daily_temp,monthly_rain
Switzerland,Western Europe,1.0,7.587,0.03411,1.39651,1.34951,0.94143,0.66557,0.41978,0.29678,2.51738,2015,,9.683333333333334,
Iceland,Western Europe,2.0,7.561,0.04884,1.30232,1.40223,0.94784,0.62877,0.14145,0.4363,2.70201,2015,112.25,5.270833333333333,81.625
Denmark,Western Europe,3.0,7.527,0.03328,1.32548,1.36058,0.87464,0.64938,0.48357,0.34139,2.49204,2015,,9.975,58.416666666666664
Norway,Western Europe,4.0,7.522,0.0388,1.459,1.33095,0.88521,0.66973,0.36503,0.34699,2.46531,2015,130.75,6.825,68.375
Finland,Western Europe,6.0,7.406,0.0314,1.29025,1.31826,0.88911,0.64169,0.41372,0.23351,2.61955,2015,,7.2,54.25
Netherlands,Western Europe,7.0,7.378,0.02799,1.32944,1.28017,0.89284,0.61576,0.31814,0.4761,2.4657,2015,152.91666666666666,10.916666666666666,70.58333333333333
Sweden,Western Europe,8.0,7.364,0.03157,1.33171,1.28907,0.91087,0.6598,0.43844,0.36262,2.37119,2015,162.45833333333334,7.808333333333334,47.041666666666664
Austria,Western Europe,13.0,7.2,0.03751,1.33723,1.29704,0.89042,0.62433,0.18676,0.33088,2.5332,2015,174.97222222222223,11.86111111111111,49.388888888888886
Luxembourg,Western Europe,17.0,6.946,0.03499,1.56391,1.21963,0.91894,0.61583,0.37798,0.28034,1.96961,2015,146.125,10.079166666666667,62.333333333333336
Ireland,Western Europe,18.0,6.94,0.03676,1.33596,1.36948,0.89533,0.61777,0.28703,0.45901,1.9757,2015,123.25,9.454166666666667,66.5
Belgium,Western Europe,19.0,6.937,0.03595,1.30782,1.28566,0.89667,0.5845,0.2254,0.2225,2.41484,2015,140.52173913043478,10.954166666666666,70.16666666666667
United Kingdom,Western Europe,21.0,6.867,0.01866,1.26637,1.28548,0.90943,0.59625,0.32067,0.51912,1.96994,2015,124.16666666666667,12.458333333333334,48.083333333333336
Germany,Western Europe,26.0,6.75,0.01848,1.32792,1.29937,0.89186,0.61477,0.21843,0.28214,2.11569,2015,147.0125,11.025,41.05833333333333
France,Western Europe,29.0,6.575,0.03512,1.27778,1.26038,0.94579,0.55011,0.20646,0.12332,2.21126,2015,152.08333333333334,12.716666666666667,48.458333333333336
Czech Republic,Central and Eastern Europe,31.0,6.505,0.04168,1.17898,1.20643,0.84483,0.46364,0.02652,0.10686,2.67782,2015,138.5,10.654166666666667,42.166666666666664
Spain,Western Europe,36.0,6.329,0.03468,1.23011,1.31379,0.95562,0.45951,0.06398,0.18227,2.12367,2015,248.125,16.304166666666667,31.895833333333332
Malta,Western Europe,37.0,6.302,0.04206,1.2074,1.30203,0.88721,0.60365,0.13586,0.51752,1.6488,2015,253.0,19.858333333333334,34.1875
Uzbekistan,Central and Eastern Europe,44.0,6.003,0.04361,0.63244,1.34043,0.59772,0.65821,0.30826,0.22837,2.23741,2015,217.29166666666666,16.2,41.729166666666664
Slovakia,Central and Eastern Europe,45.0,5.995,0.04267,1.16891,1.26999,0.78902,0.31751,0.03431,0.16893,2.24639,2015,,11.5625,
Italy,Western Europe,50.0,5.948,0.03914,1.25114,1.19777,0.95446,0.26236,0.02901,0.22823,2.02518,2015,,16.541666666666668,68.61904761904762
Moldova,Central and Eastern Europe,52.0,5.889,0.03799,0.59448,1.01528,0.61826,0.32818,0.01615,0.20951,3.10712,2015,197.75,11.625,45.0
Kazakhstan,Central and Eastern Europe,54.0,5.855,0.04114,1.12254,1.12241,0.64368,0.51649,0.08454,0.11827,2.24729,2015,,4.704166666666667,33.875
Slovenia,Central and Eastern Europe,55.0,5.848,0.04251,1.18498,1.27385,0.87337,0.60855,0.03787,0.25328,1.61583,2015,164.79166666666666,10.129166666666666,100.25
Lithuania,Central and Eastern Europe,56.0,5.833,0.03843,1.14723,1.25745,0.73128,0.21342,0.01031,0.02641,2.44649,2015,142.33333333333334,7.7749999999999995,53.25
Belarus,Central and Eastern Europe,59.0,5.813,0.03938,1.03192,1.23289,0.73608,0.37938,0.1909,0.11046,2.1309,2015,151.70833333333334,8.229166666666666,55.0
Poland,Central and Eastern Europe,60.0,5.791,0.04263,1.12555,1.27948,0.77903,0.53122,0.04212,0.16759,1.86565,2015,156.25,10.058333333333334,41.625
Croatia,Central and Eastern Europe,62.0,5.759,0.04394,1.08254,0.79624,0.78805,0.25883,0.0243,0.05444,2.75414,2015,168.33333333333334,13.258333333333333,70.02083333333333
Russia,Central and Eastern Europe,64.0,5.716,0.03135,1.13764,1.23617,0.66926,0.36679,0.03005,0.00199,2.27394,2015,,7.020833333333333,66.625
North Cyprus,Western Europe,66.0,5.695,0.05635,1.20806,1.07008,0.92356,0.49027,0.1428,0.26169,1.59888,2015,287.5,20.404166666666665,27.375
Cyprus,Western Europe,67.0,5.689,0.0558,1.20813,0.89318,0.92356,0.40672,0.06146,0.30638,1.88931,2015,287.5,20.404166666666665,27.375
Kosovo,Central and Eastern Europe,69.0,5.589,0.05018,0.80148,0.81198,0.63132,0.24749,0.04741,0.2831,2.76579,2015,188.30769230769232,13.258333333333333,48.675
Turkmenistan,Central and Eastern Europe,70.0,5.548,0.04175,0.95847,1.22668,0.53886,0.4761,0.30844,0.16979,1.86984,2015,184.75,16.716666666666665,25.152173913043477
Estonia,Central and Eastern Europe,73.0,5.429,0.04013,1.15174,1.22791,0.77361,0.44888,0.15184,0.0868,1.58782,2015,160.29166666666666,7.0375000000000005,56.833333333333336
Kyrgyzstan,Central and Eastern Europe,77.0,5.286,0.03823,0.47428,1.15115,0.65088,0.43477,0.04232,0.3003,2.2327,2015,202.94444444444443,12.558333333333332,51.5
Azerbaijan,Central and Eastern Europe,80.0,5.212,0.03363,1.02389,0.93793,0.64045,0.3703,0.16065,0.07799,2.00073,2015,166.3225806451613,15.369444444444447,23.09375
Montenegro,Central and Eastern Europe,82.0,5.192,0.05235,0.97438,0.90557,0.72521,0.1826,0.14296,0.1614,2.10017,2015,206.54166666666666,16.9125,133.5
Romania,Central and Eastern Europe,86.0,5.124,0.06607,1.04345,0.88588,0.7689,0.35068,0.00649,0.13748,1.93129,2015,168.08333333333334,12.354166666666666,58.458333333333336
Serbia,Central and Eastern Europe,87.0,5.123,0.04864,0.92053,1.00964,0.74836,0.20107,0.02617,0.19231,2.025,2015,188.83333333333334,13.716666666666667,60.25
Portugal,Western Europe,88.0,5.102,0.04802,1.15991,1.13935,0.87519,0.51469,0.01078,0.13719,1.26462,2015,244.41666666666666,17.491666666666667,52.625
Latvia,Central and Eastern Europe,89.0,5.098,0.0464,1.11312,1.09562,0.72437,0.29671,0.06332,0.18226,1.62215,2015,163.125,7.7250000000000005,46.208333333333336
Macedonia,Central and Eastern Europe,93.0,5.007,0.05376,0.91851,1.00232,0.73545,0.33457,0.05327,0.22359,1.73933,2015,188.30769230769232,13.258333333333333,43.17142857142857
Albania,Central and Eastern Europe,95.0,4.959,0.05013,0.87867,0.80434,0.81325,0.35733,0.06413,0.14272,1.89894,2015,,16.005555555555556,29.2
Bosnia and Herzegovina,Central and Eastern Europe,96.0,4.949,0.06913,0.83223,0.91916,0.79081,0.09245,0.00227,0.24808,2.06367,2015,156.54166666666666,10.783333333333333,73.91666666666667
Greece,Western Europe,102.0,4.857,0.05062,1.15406,0.92933,0.88213,0.07699,0.01397,0.0,1.80101,2015,239.29166666666666,19.466666666666665,28.833333333333332
Hungary,Central and Eastern Europe,104.0,4.8,0.06107,1.12094,1.20215,0.75905,0.32112,0.02758,0.128,1.24074,2015,193.17391304347828,11.920833333333334,52.583333333333336
Tajikistan,Central and Eastern Europe,106.0,4.786,0.03198,0.39047,0.85563,0.57379,0.47216,0.15072,0.22974,2.11399,2015,167.66666666666666,15.629166666666668,63.108695652173914
Ukraine,Central and Eastern Europe,111.0,4.681,0.04412,0.79907,1.20278,0.6739,0.25123,0.02961,0.15275,1.5714,2015,,10.020833333333334,46.083333333333336
Armenia,Central and Eastern Europe,127.0,4.35,0.04763,0.76821,0.77711,0.7299,0.19847,0.039,0.07855,1.75873,2015,230.82352941176472,13.602777777777778,30.22222222222222
Georgia,Central and Eastern Europe,130.0,4.297,0.04221,0.7419,0.38562,0.72926,0.40577,0.38331,0.05547,1.59541,2015,,13.424999999999999,45.3125
Bulgaria,Central and Eastern Europe,134.0,4.218,0.04828,1.01216,1.10614,0.76649,0.30587,0.00872,0.11921,0.89991,2015,193.41666666666666,11.404166666666667,58.0
